0.8622912764549255
0.8444874286651611
0.13182002305984497
0.2516586184501648
0.46009916067123413
0.3043713867664337
0.911888837814331
0.6901160478591919
0.6228222250938416
0.26309093832969666
0.43499138951301575
0.6651520133018494
0.5172821879386902
0.5596477389335632
0.9028501510620117
0.07879438996315002
0.7533490657806396
0.5044376254081726
0.37052369117736816
0.24756288528442383
0.8752710223197937
0.6147726774215698
0.6355938911437988
0.8566628098487854
0.715476393699646
0.32034891843795776
0.9709510803222656
0.33302628993988037
0.28084608912467957
0.31434834003448486
0.5610034465789795
0.7308478951454163
0.4269428253173828
0.06449388712644577
0.33322522044181824
0.7968077659606934
0.48001158237457275
0.2724871337413788
0.3252274692058563
0.958533525466919
0.11147996783256531
0.6048778295516968
0.3836503028869629
0.8033050894737244
0.5834903120994568
0.6931139230728149
0.7682170271873474
0.25212758779525757
0.9053061008453369
0.9456703066825867
0.16419930756092072
0.2417728155851364
0.5511331558227539
0.21369923651218414
0.18610209226608276
0.7126637697219849
0.252287358045578
0.7265651822090149
0.49937018752098083
0.485495924949646
0.34590965509414673
0.7258665561676025
0.08064918965101242
0.6007651686668396
0.9256278276443481
0.42304882407188416
0.2638184428215027
0.8968430757522583
0.5262525677680969
0.6276898980140686
0.43747255206108093
0.5744211673736572
0.2896660268306732
0.29927128553390503
0.8341056108474731
0.4686276614665985
0.6059002876281738
0.4522598385810852
0.7748414278030396
0.6227454543113708
0.3255927562713623
0.5880444645881653
0.3327579200267792
0.6977783441543579
0.8252314329147339
0.8064501285552979
0.27900639176368713
0.32334378361701965
0.4733789265155792
0.34207528829574585
0.1913062036037445
0.6274959444999695
0.6650208830833435
0.48702844977378845
0.8266992568969727
0.8328049182891846
0.27453315258026123
0.40963754057884216
0.43443289399147034
0.701431155204773
0.31178897619247437
0.8823268413543701
0.8372595310211182
0.28987786173820496
0.5408039093017578
0.5771098136901855
0.26331374049186707
0.3893530070781708
0.2448842078447342
0.461865097284317
0.5465744137763977
0.44801703095436096
0.8734135627746582
0.4324694275856018
0.6848596930503845
0.8713958859443665
0.13623012602329254
0.34729859232902527
0.5775721669197083
0.33363786339759827
0.5909667611122131
0.4658004939556122
0.27337944507598877
0.5908332467079163
0.4207225441932678
0.347275972366333
0.29854848980903625
0.5590516924858093
0.21902184188365936
0.5468799471855164
0.749479353427887
0.8417890667915344
0.5660624504089355
0.4164015054702759
0.769311249256134
0.8314074873924255
0.12440145760774612
0.3596101999282837
0.6122285723686218
0.6210813522338867
0.8074874877929688
0.8885201811790466
0.42559361457824707
0.6701098680496216
0.4038138687610626
0.3458651304244995
0.3264307677745819
0.4023551940917969
0.786963164806366
0.591580331325531
0.6869440674781799
0.3468233048915863
0.19483567774295807
0.25329187512397766
0.21079829335212708
0.4608255922794342
0.37655386328697205
0.835058331489563
0.8732931017875671
0.6141080260276794
0.13428807258605957
0.27796584367752075
0.3197764456272125
0.9599513411521912
0.6753417253494263
0.2716594636440277
0.2718636989593506
0.41227632761001587
0.36205288767814636
0.3445519506931305
0.5614988207817078
0.27159497141838074
0.76872718334198
0.15963046252727509
0.429462194442749
0.48446136713027954
0.44701677560806274
0.22034284472465515
0.24013647437095642
0.761038064956665
0.9820658564567566
0.36994075775146484
0.7831782698631287
0.6454225778579712
0.2607305943965912
0.608730673789978
0.3367536664009094
0.6184125542640686
0.7509822845458984
0.7251953482627869
0.06564024090766907
0.27770352363586426
0.42310017347335815
0.8930811285972595
0.3104168176651001
0.40668997168540955
0.4414273798465729
0.5686911344528198
0.7605707049369812
0.42030030488967896
0.4382043182849884
0.6093966364860535
0.3397032916545868
0.6100508570671082
0.8856157064437866
0.3160049021244049
0.530036211013794
0.2038763463497162
0.7307225465774536
0.8319096565246582
0.28297939896583557
0.8719224333763123
0.2693161070346832
0.23219875991344452
0.8399592638015747
0.5873531103134155
0.6748183369636536
0.8312589526176453
0.5710988640785217
0.8927553296089172
0.8418174982070923
0.619121253490448
0.5032380819320679
0.282836377620697
0.6569610238075256
0.7382701635360718
0.3500904440879822
0.9050943851470947
0.7675208449363708
0.9665272235870361
0.07333172112703323
0.19645972549915314
0.8011355996131897
0.7749754786491394
0.3702656328678131
0.7269640564918518
0.8382431864738464
0.6000776290893555
0.1025225818157196
0.2288537174463272
0.28772902488708496
0.11597494781017303
0.4450194835662842
0.3016171157360077
0.8650540113449097
0.3803037703037262
0.47284218668937683
0.5470219850540161
0.6060735583305359
0.11005013436079025
0.8795382976531982
0.329630583524704
0.8909468054771423
0.8971849083900452
0.9519261121749878
1.0
0.9598740339279175
0.8137060403823853
0.9033063650131226
1.0
0.935549795627594
0.926102340221405
1.0
0.9271532297134399
0.9394090175628662
0.9332134127616882
0.9613667726516724
0.9316043257713318
0.991370677947998
0.8730961084365845
0.7490346431732178
0.8796223402023315
0.979674756526947
0.9609737992286682
0.970534086227417
0.8920751810073853
0.8095767498016357
0.8481596112251282
0.9219213724136353
0.8354610204696655
0.9186033010482788
0.95854252576828
0.9447426795959473
0.8688645958900452
0.7715812921524048
0.9035311341285706
0.9654715657234192
0.8591228127479553
0.9370994567871094
0.9828174114227295
0.9189038276672363
0.8455543518066406
0.9488171935081482
0.9604800939559937
0.8856381177902222
0.9285194873809814
0.7317568063735962
0.7831060886383057
0.8294714093208313
0.8681588768959045
0.7893224954605103
0.7885189652442932
0.9318224191665649
0.8328297138214111
0.6778075098991394
0.7055195569992065
0.5800151824951172
0.875202476978302
0.8950012922286987
0.7345118522644043
0.8818661570549011
0.7663210034370422
0.9240946173667908
0.8709810972213745
0.879637598991394
0.5821148753166199
0.8756772875785828
0.7879294157028198
0.9265474081039429
0.7290425896644592
0.7763530611991882
0.7789266109466553
0.8764355778694153
0.7102985382080078
0.8948149681091309
0.39683419466018677
0.5912359356880188
0.9845958948135376
0.8120473027229309
0.9217973947525024
0.8258023858070374
0.8028716444969177
0.6947488188743591
0.7034702897071838
0.892158567905426
0.5938548445701599
0.560438871383667
0.682052731513977
0.7845498323440552
0.6930260062217712
0.5296900868415833
0.5752580761909485
0.6993854641914368
0.7413323521614075
0.6649134755134583
0.8066574335098267
0.7875702381134033
0.44888612627983093
0.9382820725440979
0.837575376033783
0.604881227016449
0.7987866997718811
0.4628899097442627
0.7436738610267639
0.9305154085159302
0.6514726281166077
0.8609240055084229
0.5054183602333069
0.5159069299697876
0.5346775054931641
0.5901946425437927
0.5737188458442688
0.8326843976974487
0.6671671867370605
0.5630194544792175
0.6066827774047852
0.7455840706825256
0.3811766505241394
0.24205376207828522
0.8365984559059143
0.4109543263912201
0.6689416766166687
0.6811889410018921
0.4819445013999939
0.565868079662323
0.9715235233306885
0.9487742781639099
0.9464424848556519
0.9733706116676331
0.9647830724716187
0.8083978295326233
0.903863787651062
0.8872583508491516
0.8907523155212402
0.9546326994895935
0.9037925004959106
0.9227899312973022
0.7510963082313538
0.8927175998687744
0.9382160902023315
0.7736807465553284
0.9011139273643494
0.9681878089904785
0.8868695497512817
0.871711790561676
0.8078054189682007
0.7876393795013428
0.6396201848983765
0.8259115815162659
0.606648862361908
0.6935046315193176
0.6557122468948364
0.8305136561393738
0.7882105112075806
0.887337327003479
0.8314766883850098
0.843769371509552
0.6397688388824463
0.6286839842796326
0.8568496108055115
0.7668244242668152
0.7367043495178223
0.7387813329696655
0.5572121739387512
0.622736930847168
0.8974892497062683
0.7540709972381592
0.562678337097168
0.8460768461227417
0.7508676052093506
0.5205383896827698
0.6921961903572083
0.7323511242866516
0.8630526065826416
0.4720783233642578
0.35524389147758484
0.4560546576976776
0.5793511867523193
0.7145208120346069
0.7945518493652344
0.6479082703590393
0.7017638683319092
0.6181910037994385
0.7337000966072083
0.5394493341445923
0.4565875232219696
0.6635617613792419
0.5546036958694458
0.43293794989585876
0.5741260051727295
0.3191853165626526
0.6410368084907532
0.7758618593215942
0.553956151008606
0.4097839295864105
0.2991158664226532
0.6946435570716858
0.6311815977096558
0.9303622841835022
0.5715420842170715
0.637775719165802
0.3309483528137207
0.3111647665500641
0.4557817876338959
0.49310532212257385
0.3032844364643097
0.5617297291755676
0.4857670068740845
0.18291036784648895
0.17706182599067688
0.5695865750312805
0.8541499972343445
0.4559847116470337
0.5877186059951782
0.26549530029296875
0.136501282453537
0.766682505607605
-0.09538860619068146
0.2548811137676239
0.31316959857940674
0.5698637962341309
0.24983084201812744
0.4971368908882141
0.16023598611354828
0.4877374470233917
0.5571982264518738
0.3450031876564026
0.5738981366157532
0.24458637833595276
0.5770143866539001
0.4716574549674988
0.10199183225631714
0.5011443495750427
0.12938278913497925
0.4028014540672302
0.10180661082267761
0.1697235256433487
0.4952666461467743
0.07463434338569641
0.45100802183151245
0.4066789746284485
0.3582559823989868
0.4381691813468933
0.3369240164756775
0.31314417719841003
0.4286584258079529
0.05863897129893303
0.31432342529296875
0.037030041217803955
0.3028373718261719
0.302745521068573
-0.03764026612043381
0.30168113112449646
0.5567183494567871
0.7647073268890381
0.7391330599784851
0.6449371576309204
0.550560474395752
0.9887341260910034
0.6141756772994995
0.9939441680908203
0.9974552392959595
0.9462143778800964
0.7162976861000061
0.6497621536254883
0.7053341269493103
0.8254528045654297
0.3522331118583679
0.9651322364807129
0.3614985942840576
0.668838620185852
0.9355002641677856
0.4278915822505951
0.5855554342269897
0.7127683162689209
0.13861030340194702
0.5556349754333496
0.16824883222579956
0.7148343920707703
0.34996384382247925
0.6454333662986755
0.8612254858016968
0.5243598818778992
0.830180823802948
0.525290310382843
0.9727110862731934
0.7758623361587524
0.9640129208564758
0.6193596720695496
0.9063315987586975
0.5237628817558289
0.5669296979904175
0.9777056574821472
0.6427271962165833
0.8753095865249634
0.8885229825973511
0.1358594447374344
0.6432673931121826
0.8347203135490417
0.08040161430835724
0.4621092677116394
0.7668668031692505
0.6529131531715393
0.7345224618911743
0.5039510130882263
0.3352186977863312
0.9891960024833679
0.923088014125824
0.7201064825057983
0.9593949317932129
0.31677594780921936
0.7240884900093079
0.7159698605537415
0.36022913455963135
0.6320463418960571
0.2467207908630371
0.6327894330024719
0.6481578946113586
0.04259369894862175
0.9679232835769653
0.995817244052887
0.5422715544700623
0.38467204570770264
0.6680124998092651
0.7310784459114075
0.6031371355056763
0.5769539475440979
0.7843579649925232
0.9983911514282227
0.9500523209571838
0.9252307415008545
0.1340571641921997
0.3122248649597168
0.9296132922172546
0.4383411407470703
0.7344521284103394
0.47014036774635315
0.37733250856399536
0.9638725519180298
0.8352960348129272
0.9566090106964111
0.5085157155990601
0.8297826647758484
0.9070525765419006
0.11096112430095673
0.951940655708313
0.9873079657554626
0.6615563631057739
0.8521605730056763
0.6842985153198242
0.18481212854385376
0.8653472065925598
0.8769294023513794
0.9221086502075195
0.7606005668640137
0.6937163472175598
0.7456881999969482
0.8484020233154297
0.9324234127998352
0.7779368162155151
0.3037445843219757
0.983262836933136
0.6015533208847046
0.7769728899002075
0.980620265007019
0.8075840473175049
0.640631914138794
0.7644312381744385
0.8620973825454712
0.9122442603111267
0.41930657625198364
0.3418443202972412
0.8530581593513489
0.9569475054740906
0.8254552483558655
0.4560254216194153
0.9236725568771362
0.6995047330856323
0.6665465235710144
0.8442448377609253
0.6273984313011169
0.9340850114822388
0.9280453324317932
0.11081807315349579
0.7652943730354309
0.40685874223709106
0.9329147934913635
0.2740056812763214
0.2892753481864929
0.6533979177474976
0.7255475521087646
0.4702536463737488
0.7724096179008484
0.05927986279129982
0.1471925526857376
0.947887122631073
0.861945629119873
0.36452940106391907
0.7557447552680969
0.1946650892496109
0.7303475737571716
0.9676465392112732
0.7988116145133972
0.9463018178939819
0.6869168281555176
0.7382568717002869
0.352385938167572
0.7291085124015808
0.9031686186790466
0.1305389702320099
0.3185757100582123
0.5666269659996033
0.2519712746143341
0.5847501158714294
0.5239012837409973
0.9766134023666382
0.03347494825720787
0.5975198149681091
0.9909400939941406
0.9146608710289001
0.8110544085502625
0.6654914021492004
0.5354729294776917
0.2628622353076935
0.4549305737018585
0.2178945541381836
0.5824410915374756
0.6321324706077576
0.2779310345649719
0.9671616554260254
0.7711026668548584
0.6179333329200745
0.9300114512443542
0.7358574271202087
0.7541952729225159
0.18955202400684357
0.9376213550567627
0.5569619536399841
0.1580028533935547
0.46963295340538025
0.9250378608703613
0.5273008346557617
0.08354922384023666
0.5838127136230469
0.9189313054084778
0.7326412796974182
0.7597188949584961
0.49035021662712097
0.6141123175621033
0.8266736268997192
0.9639775156974792
0.4686831831932068
0.7241440415382385
0.7595382332801819
0.7311369180679321
0.08582261949777603
0.571829617023468
0.9588646292686462
0.3302825689315796
0.5881768465042114
0.957683265209198
0.8108748197555542
0.6221734285354614
0.38967764377593994
0.6165213584899902
0.796301007270813
0.9418120980262756
0.5499271750450134
0.487227201461792
0.21906393766403198
0.8631232976913452
0.9032214879989624
0.5343570709228516
0.19412605464458466
0.7720201015472412
0.2867727279663086
0.21987570822238922
0.49925801157951355
0.738244354724884
0.4917692244052887
0.48046913743019104
0.29237768054008484
0.09171468019485474
0.8572187423706055
0.1863446831703186
0.9682356119155884
0.8685199618339539
0.5941841006278992
0.9808958768844604
0.804139256477356
0.5074030160903931
0.41699790954589844
0.48390716314315796
0.7949755191802979
0.985589861869812
0.7143760919570923
0.9204964637756348
0.6538677215576172
0.9885945320129395
0.31898146867752075
0.6556854248046875
0.6952347159385681
0.7995299696922302
0.30545830726623535
0.43538880348205566
0.9950060844421387
0.9835823178291321
0.9814779162406921
0.7333239912986755
0.7607483863830566
0.655905544757843
0.9854918718338013
0.47167089581489563
0.9729540348052979
0.7184469699859619
0.9454960823059082
0.7743516564369202
0.5667430758476257
0.944179892539978
0.8059741258621216
0.887887716293335
0.35643184185028076
0.9582802653312683
0.2582738399505615
0.9734224081039429
0.9434775710105896
0.9074376225471497
0.748425304889679
0.3075065612792969
0.4742128252983093
0.999091625213623
0.5575080513954163
0.7469028830528259
0.5525540113449097
0.8231144547462463
0.9797380566596985
0.7533626556396484
0.4931412935256958
0.5911902189254761
0.8429978489875793
0.9526121616363525
0.8826503753662109
0.7821808457374573
0.09337138384580612
0.9441229701042175
0.960293173789978
0.835220217704773
0.5184279680252075
0.19036926329135895
0.8647945523262024
0.9244958162307739
0.8069008588790894
0.8681361675262451
0.9881548285484314
0.12633182108402252
0.9787254929542542
0.9764315485954285
0.9763913154602051
0.718641459941864
0.881088376045227
0.6764225959777832
0.12995824217796326
0.737392783164978
0.29823437333106995
0.23453281819820404
0.4496643543243408
0.9619417190551758
0.8938687443733215
0.7508569955825806
0.775127649307251
0.7898387312889099
0.397379070520401
0.9659256339073181
0.9515313506126404
0.9006500840187073
0.9184658527374268
0.9640710353851318
0.9575422406196594
0.9033053517341614
0.875078022480011
0.715469241142273
0.5010995864868164
0.9851828813552856
0.5249921679496765
0.6413324475288391
0.5220969915390015
0.9703912138938904
0.6418476104736328
0.3589355945587158
0.7209007143974304
0.9396663904190063
0.9030023217201233
0.9123767614364624
0.5121830105781555
0.6660752892494202
0.6745308041572571
0.6198379397392273
0.7277994751930237
0.9646562337875366
0.31133076548576355
0.8757126927375793
0.866035521030426
0.2300829142332077
0.7572095394134521
0.9428789615631104
0.5088577270507812
0.9550357460975647
0.9476965665817261
0.6162368059158325
0.5444811582565308
0.14607563614845276
0.9884467124938965
0.0895390659570694
0.9862299561500549
0.16962699592113495
0.6926274299621582
0.9606314897537231
0.9151819944381714
0.5466334223747253
0.33572229743003845
0.680700421333313
0.6550707817077637
0.39592206478118896
0.4046075940132141
0.6381184458732605
0.9023090600967407
0.9904654026031494
0.8890140056610107
0.7306874394416809
0.22543767094612122
0.6200579404830933
0.7251219153404236
0.7880935668945312
0.5283446311950684
0.9137254953384399
0.5233194828033447
0.2545318603515625
0.9073024392127991
0.897132396697998
0.6726460456848145
0.1219828799366951
0.8369582295417786
0.857542872428894
0.968621015548706
0.23247072100639343
0.9708369970321655
0.8820929527282715
0.801464319229126
0.6709122657775879
0.2342100441455841
0.22919811308383942
0.42723900079727173
0.9026694297790527
0.8749802708625793
0.9344884157180786
0.9145866632461548
0.850435733795166
0.23677510023117065
0.40835702419281006
0.261123389005661
0.8022487759590149
0.8599865436553955
0.5887802839279175
0.971034824848175
0.49393874406814575
0.28935182094573975
0.19547139108181
0.8615023493766785
0.6209359169006348
0.7260796427726746
0.0971686840057373
0.6509923338890076
0.2366359829902649
0.07666626572608948
0.9528743624687195
0.8738254308700562
0.2173548936843872
0.9811224937438965
0.9918036460876465
0.9092329740524292
0.5129761695861816
0.6873304843902588
0.7847908735275269
0.9622583985328674
0.8743360042572021
0.22918958961963654
0.8516330122947693
0.5861518979072571
0.9630568027496338
0.6376001238822937
0.8745856285095215
0.17907597124576569
0.7966358661651611
0.5548242926597595
0.970853865146637
0.15483950078487396
0.5154277682304382
0.9541075825691223
0.11200378090143204
0.7842968702316284
0.3299103081226349
0.3736145794391632
0.7822042107582092
0.3133331835269928
0.6269638538360596
0.8891738653182983
0.7517207860946655
0.6495909094810486
0.9889079928398132
0.2693018317222595
0.5730453133583069
0.9230262637138367
0.7148240804672241
0.6626771688461304
0.5732675790786743
0.39146485924720764
0.6574382185935974
0.13107995688915253
0.5971611142158508
0.7871783971786499
0.34092825651168823
0.8452877402305603
0.9578152894973755
0.12479139864444733
0.7021592855453491
0.6981524229049683
0.13558335602283478
0.8856802582740784
0.7766472101211548
0.916428804397583
0.43096932768821716
0.5869345664978027
0.8877235651016235
0.7174504995346069
0.7256907224655151
0.5652288198471069
0.28174084424972534
0.584052562713623
0.9280778169631958
0.7431792616844177
0.8135278224945068
0.6125885248184204
0.7419823408126831
0.6099543571472168
0.7572137713432312
0.8714828491210938
0.8353163599967957
0.45307019352912903
0.8572458028793335
0.3497850000858307
0.820399284362793
0.8846034407615662
0.403980016708374
0.47414448857307434
0.6661121845245361
0.6564314365386963
0.5572800636291504
0.44246840476989746
0.764430820941925
0.7930070757865906
0.905167818069458
0.4864492118358612
0.16419652104377747
0.28294292092323303
0.593944787979126
0.6146007776260376
0.12026500701904297
0.8572987914085388
0.5227422714233398
0.6551275253295898
0.31421250104904175
0.5473271012306213
0.7045455574989319
0.5197256207466125
0.22435623407363892
0.7413550019264221
0.7036698460578918
0.8667330741882324
0.6487535238265991
0.5560235381126404
0.5470796227455139
0.7876116037368774
0.6302937865257263
0.6527295112609863
0.5638418793678284
0.12286458164453506
0.3545357584953308
0.29941442608833313
0.7313228249549866
0.7364083528518677
0.23985092341899872
0.5983165502548218
0.6196683049201965
0.7088038325309753
0.6693507432937622
0.9761061072349548
0.8710994720458984
0.7571632862091064
0.5611107349395752
0.8592716455459595
0.6335147619247437
0.5482903718948364
0.7068308591842651
0.6929154396057129
0.7006431818008423
0.6714721918106079
0.7672730684280396
0.758179783821106
0.44630685448646545
0.7210966944694519
0.5326879024505615
0.5745123624801636
0.3254489600658417
0.5014908313751221
0.28077617287635803
0.7405871152877808
0.26150280237197876
0.5728186964988708
0.4795641303062439
0.303571879863739
0.7799510359764099
0.7515209913253784
0.8130475282669067
0.06312157213687897
0.7289509773254395
0.5614696145057678
0.7028384208679199
0.5162312984466553
0.1816781759262085
0.26994845271110535
0.4500066637992859
0.42638644576072693
0.8157901763916016
0.6830394864082336
0.9212009310722351
0.5590153932571411
0.29564163088798523
0.3841077387332916
0.8729629516601562
0.35364246368408203
0.6441929936408997
0.11399447172880173
0.4783359467983246
0.05361056700348854
0.5934266448020935
0.7706396579742432
0.8473224639892578
0.9568321704864502
0.294609010219574
0.9240322113037109
0.9211871027946472
0.7601033449172974
0.15362533926963806
0.6980302929878235
0.8656968474388123
0.2771037817001343
0.975483238697052
0.8821319937705994
0.7736586928367615
0.5804790258407593
0.6859824657440186
0.808393657207489
0.8050178289413452
0.610440731048584
0.3360612690448761
0.648526668548584
0.5966497659683228
0.40914472937583923
0.1481441855430603
0.83408123254776
0.5083184838294983
0.5032647252082825
0.22388169169425964
0.4780353605747223
0.33691054582595825
0.7258089780807495
0.6660354733467102
0.8792439103126526
0.9486191272735596
0.6789153218269348
0.652981698513031
0.8693463802337646
0.5056278109550476
0.936895489692688
0.5955907106399536
0.4427589476108551
0.8362776041030884
0.41189396381378174
0.8237705826759338
0.7416385412216187
0.41467806696891785
0.8911696672439575
0.6857242584228516
0.42979371547698975
0.49771925806999207
0.6221963763237
0.7975804209709167
0.7089413404464722
0.5609980225563049
0.40011072158813477
0.8097164630889893
0.3388051390647888
0.37635889649391174
0.6549501419067383
0.6085606217384338
0.535869300365448
0.6427075862884521
0.5551729202270508
0.7733604311943054
0.39756083488464355
0.6837210655212402
0.48552051186561584
0.5343260765075684
0.590269923210144
0.6173229813575745
0.6094022989273071
0.5211622714996338
0.7118917107582092
0.7913274168968201
0.6088720560073853
0.730688750743866
0.7214860320091248
0.792075514793396
0.4376467168331146
0.23332907259464264
0.5487257838249207
0.6061515212059021
0.15314745903015137
0.45488837361335754
0.5341331362724304
0.6510398983955383
0.9148969054222107
0.42098405957221985
0.9163306355476379
0.4926147758960724
0.8996235132217407
